flow5 v7.54

 Calculated polar for: S1210 12%

 1 1 Reynolds number fixed          Mach number fixed         

 xtrf =   1.000 (top)        1.000 (bottom)
 Mach =   0.000     Re =     0.040 e 6     Ncrit =   9.000

  alpha     CL        CD       CDp       Cm    Top Xtr Bot Xtr   Cpmin    Chinge    XCp    
 ------- -------- --------- --------- -------- ------- ------- -------- --------- ---------
 -25.000  -0.5706   0.31009   0.30048   0.0187  1.0000  0.0584  -1.0727   0.0000   0.2598
 -24.000  -0.5462   0.29689   0.28726   0.0127  1.0000  0.0616  -1.0637   0.0000   0.2510
 -23.000  -0.5209   0.28481   0.27519   0.0066  1.0000  0.0653  -1.0649   0.0000   0.2410
 -22.000  -0.4969   0.27795   0.26838  -0.0005  1.0000  0.0684  -1.0986   0.0000   0.2282
 -21.000  -0.4806   0.28046   0.27100  -0.0080  1.0000  0.0695  -1.1688   0.0000   0.2139
 -20.000  -0.4435   0.25092   0.24144  -0.0106  1.0000  0.0723  -1.0905   0.0000   0.2058
 -19.000  -0.4124   0.23666   0.22723  -0.0140  1.0000  0.0780  -1.0325   0.0000   0.1957
 -18.000  -0.3845   0.22665   0.21731  -0.0184  1.0000  0.0851  -1.0209   0.0000   0.1820
 -17.000  -0.3695   0.22640   0.21724  -0.0244  1.0000  0.0905  -1.0919   0.0000   0.1647
 -16.000  -0.3377   0.20758   0.19851  -0.0268  1.0000  0.0943  -1.0607   0.0000   0.1507
 -15.000  -0.3062   0.19397   0.18503  -0.0282  1.0000  0.1045  -1.0034   0.0000   0.1372
 -14.000  -0.2994   0.19279   0.18408  -0.0324  1.0000  0.1142  -1.0806   0.0000   0.1226
 -13.000  -0.2645   0.17376   0.16525  -0.0325  1.0000  0.1217  -1.0303   0.0000   0.1064
 -12.000  -0.2498   0.16670   0.15843  -0.0336  1.0000  0.1383  -1.0458   0.0000   0.0955
 -11.000  -0.2259   0.15416   0.14611  -0.0323  1.0000  0.1601  -1.0151   0.0000   0.0862
 -10.000  -0.2181   0.14562   0.13794  -0.0315  1.0000  0.1762  -1.0441   0.0000   0.0864
  -9.000  -0.2288   0.14393   0.13667  -0.0286  1.0000  0.1971  -1.0830   0.0000   0.1087
  -8.000  -0.2073   0.12909   0.12221  -0.0240  1.0000  0.2116  -1.0150   0.0000   0.1182
  -7.000  -0.2599   0.13315   0.12689  -0.0161  1.0000  0.2297  -1.0776   0.0000   0.1773
  -6.000  -0.2634   0.12155   0.11574  -0.0087  1.0000  0.2409  -1.0087   0.0000   0.2073
  -5.000  -0.3073   0.12055   0.11522   0.0004  1.0000  0.2582  -1.0051   0.0000   0.2441
  -4.000  -0.3433   0.11866   0.11373   0.0004  0.9932  0.2717  -1.0455   0.0000   0.2451
  -3.000  -0.2588   0.11076   0.10575  -0.0249  0.9487  0.3062  -1.0303   0.0000   0.1459
  -2.000  -0.1942   0.09612   0.09113  -0.0294  0.9131  0.3165  -0.9790   0.0000   0.0894
  -1.000   0.4066   0.05314   0.04569  -0.1826  0.8802  0.3134  -1.5311   0.0000   0.7025
   0.000   0.3557   0.05971   0.05281  -0.1453  0.8521  0.5360  -1.3977   0.0000   0.6611
   1.000   0.4667   0.06352   0.05582  -0.1559  0.8321  0.6176  -0.9383   0.0000   0.5838
   2.000   0.5964   0.06931   0.06101  -0.1707  0.8099  0.6608  -0.7579   0.0000   0.5339
   3.000   0.7311   0.07637   0.06764  -0.1840  0.7892  0.7154  -0.8619   0.0000   0.4976
   4.000   0.7823   0.08710   0.07850  -0.1887  0.7888  0.7837  -0.8995   0.0000   0.4857
   6.000   0.8235   0.11292   0.10467  -0.1999  0.8323  1.0000  -0.9280   0.0000   0.4845
   7.000   0.9078   0.12586   0.11739  -0.2066  0.7673  1.0000  -1.0483   0.0000   0.4680
  15.000   1.2023   0.23967   0.23271  -0.2293  0.3897  1.0000  -1.3761   0.0000   0.4181
  16.000   1.2467   0.26446   0.25811  -0.2319  0.3675  1.0000  -1.4799   0.0000   0.4114


