flow5 v7.54

 Calculated polar for: S1210 12%

 1 1 Reynolds number fixed          Mach number fixed         

 xtrf =   1.000 (top)        1.000 (bottom)
 Mach =   0.000     Re =     0.100 e 6     Ncrit =   9.000

  alpha     CL        CD       CDp       Cm    Top Xtr Bot Xtr   Cpmin    Chinge    XCp    
 ------- -------- --------- --------- -------- ------- ------- -------- --------- ---------
 -22.000  -0.4983   0.26629   0.26016   0.0033  1.0000  0.0261  -1.1217   0.0000   0.2351
 -21.000  -0.4706   0.25427   0.24812  -0.0021  1.0000  0.0275  -1.1038   0.0000   0.2245
 -20.000  -0.4425   0.24274   0.23664  -0.0073  1.0000  0.0291  -1.0905   0.0000   0.2128
 -19.000  -0.4140   0.23194   0.22589  -0.0123  1.0000  0.0311  -1.0873   0.0000   0.1999
 -18.000  -0.3865   0.22373   0.21774  -0.0177  1.0000  0.0331  -1.1252   0.0000   0.1838
 -17.000  -0.3663   0.21835   0.21246  -0.0234  1.0000  0.0339  -1.2012   0.0000   0.1663
 -16.000  -0.3507   0.21191   0.20609  -0.0281  1.0000  0.0342  -1.2764   0.0000   0.1508
 -15.000  -0.3134   0.18931   0.18359  -0.0285  1.0000  0.0359  -1.1845   0.0000   0.1386
 -14.000  -0.2853   0.17716   0.17155  -0.0293  1.0000  0.0392  -1.0856   0.0000   0.1265
 -13.000  -0.2631   0.16672   0.16125  -0.0308  1.0000  0.0434  -1.0645   0.0000   0.1121
 -12.000  -0.2487   0.15837   0.15306  -0.0330  1.0000  0.0488  -1.1254   0.0000   0.0971
 -11.000  -0.2567   0.15554   0.15043  -0.0358  1.0000  0.0504  -1.2888   0.0000   0.0930
 -10.000  -0.2253   0.13712   0.13220  -0.0320  1.0000  0.0544  -1.1726   0.0000   0.0894
  -9.000  -0.2182   0.12877   0.12409  -0.0285  1.0000  0.0617  -1.1396   0.0000   0.1021
  -8.000  -0.2560   0.12757   0.12328  -0.0257  1.0000  0.0687  -1.3139   0.0000   0.1373
  -7.000  -0.2111   0.11291   0.10881  -0.0293  0.9906  0.0780  -1.2222   0.0000   0.0970
  -6.000  -0.1221   0.09939   0.09534  -0.0498  0.9570  0.1081  -1.0906   0.0000  -0.1813
  -5.000  -0.0478   0.08601   0.08198  -0.0647  0.9111  0.1267  -0.9598   0.0000  -1.1558
  -4.000   0.0569   0.07152   0.06748  -0.0839  0.8678  0.1575  -0.8822   0.0000   1.7628
  -2.000   0.7069   0.02117   0.01450  -0.2224  0.8109  0.3686  -1.1514   0.0000   0.5664
  -1.000   0.8618   0.02108   0.01363  -0.2294  0.7522  0.4352  -1.0293   0.0000   0.5164
   0.000   0.9972   0.02116   0.01308  -0.2347  0.7032  0.4646  -1.1279   0.0000   0.4840
   1.000   1.1262   0.02188   0.01350  -0.2392  0.6691  0.4950  -1.2293   0.0000   0.4595
   2.000   1.2427   0.02335   0.01507  -0.2408  0.6407  0.5494  -1.3617   0.0000   0.4395
   3.000   1.3560   0.02513   0.01697  -0.2415  0.6160  0.6450  -1.5398   0.0000   0.4224
   4.000   1.4302   0.02578   0.01822  -0.2330  0.5895  1.0000  -1.7407   0.0000   0.4058
   5.000   1.5400   0.02857   0.02110  -0.2342  0.5609  1.0000  -1.9974   0.0000   0.3933
   6.000   1.6383   0.03045   0.02300  -0.2314  0.5268  1.0000  -2.2798   0.0000   0.3808
   7.000   1.7342   0.03147   0.02426  -0.2274  0.4878  1.0000  -2.5731   0.0000   0.3689
   8.000   1.8251   0.03204   0.02494  -0.2224  0.4454  1.0000  -2.8696   0.0000   0.3577
   9.000   1.8863   0.03315   0.02634  -0.2123  0.3926  1.0000  -3.1287   0.0000   0.3465
  10.000   1.8993   0.03546   0.02886  -0.1946  0.3272  1.0000  -3.3339   0.0000   0.3345
  11.000   1.8867   0.04213   0.03536  -0.1769  0.2635  1.0000  -3.5205   0.0000   0.3238
  12.000   1.8896   0.05099   0.04418  -0.1652  0.2204  1.0000  -4.1141   0.0000   0.3154
  13.000   1.9022   0.06035   0.05390  -0.1570  0.1930  1.0000  -4.7817   0.0000   0.3084
  14.000   1.8990   0.07209   0.06633  -0.1505  0.1745  1.0000  -5.3668   0.0000   0.3029


