flow5 v7.54

 Calculated polar for: S1210 12%

 1 1 Reynolds number fixed          Mach number fixed         

 xtrf =   1.000 (top)        1.000 (bottom)
 Mach =   0.000     Re =     3.000 e 6     Ncrit =   9.000

  alpha     CL        CD       CDp       Cm    Top Xtr Bot Xtr   Cpmin    Chinge    XCp    
 ------- -------- --------- --------- -------- ------- ------- -------- --------- ---------
 -12.000  -0.1765   0.10899   0.10783  -0.0815  0.9884  0.0040  -4.4753   0.0000  -0.2567
 -11.000  -0.1094   0.09873   0.09758  -0.0929  0.9875  0.0042  -3.7972   0.0000  -0.6665
  -9.000  -0.0322   0.08136   0.08027  -0.0992  0.9600  0.0059  -2.8795   0.0000  -3.0113
  -8.000   0.1597   0.06322   0.06168  -0.1466  0.8778  0.0091  -2.1228   0.0000   1.2061
  -4.000   0.6098   0.00931   0.00462  -0.2469  0.5309  0.0133  -1.8437   0.0000   0.6602
  -3.000   0.7378   0.00871   0.00382  -0.2505  0.5017  0.0221  -1.0868   0.0000   0.5924
  -1.000   1.0047   0.00755   0.00189  -0.2585  0.4516  0.0110  -1.1531   0.0000   0.5068
   0.000   1.1338   0.00723   0.00201  -0.2622  0.4326  0.2289  -1.2536   0.0000   0.4793
   1.000   1.2470   0.00756   0.00226  -0.2621  0.4128  0.2502  -1.3523   0.0000   0.4567
   2.000   1.3614   0.00775   0.00256  -0.2623  0.4003  0.2917  -1.4873   0.0000   0.4378
   3.000   1.4719   0.00822   0.00295  -0.2618  0.3711  0.3230  -1.7115   0.0000   0.4215
   4.000   1.5714   0.00982   0.00400  -0.2594  0.2572  0.3701  -1.9718   0.0000   0.4072
   5.000   1.6666   0.01174   0.00539  -0.2564  0.1541  0.4264  -2.2538   0.0000   0.3943
   6.000   1.7641   0.01325   0.00669  -0.2538  0.1034  0.5159  -2.5512   0.0000   0.3827
   7.000   1.8706   0.01377   0.00753  -0.2530  0.1086  0.6446  -2.8757   0.0000   0.3723
   8.000   1.9632   0.01558   0.00937  -0.2498  0.0705  0.8692  -3.1915   0.0000   0.3624
   9.000   1.9871   0.02018   0.01366  -0.2329  0.0022  1.0000  -3.4048   0.0000   0.3506


