flow5 v7.54

 Calculated polar for: S1210 12%

 1 1 Reynolds number fixed          Mach number fixed         

 xtrf =   1.000 (top)        1.000 (bottom)
 Mach =   0.000     Re =     0.060 e 6     Ncrit =   9.000

  alpha     CL        CD       CDp       Cm    Top Xtr Bot Xtr   Cpmin    Chinge    XCp    
 ------- -------- --------- --------- -------- ------- ------- -------- --------- ---------
 -23.000  -0.5222   0.28108   0.27319   0.0077  1.0000  0.0418  -1.0809   0.0000   0.2429
 -22.000  -0.4955   0.26871   0.26083   0.0020  1.0000  0.0441  -1.0712   0.0000   0.2327
 -21.000  -0.4681   0.25719   0.24930  -0.0037  1.0000  0.0469  -1.0718   0.0000   0.2212
 -20.000  -0.4420   0.24987   0.24204  -0.0102  1.0000  0.0494  -1.1098   0.0000   0.2066
 -19.000  -0.4234   0.24965   0.24193  -0.0170  1.0000  0.0503  -1.1845   0.0000   0.1904
 -18.000  -0.3945   0.23161   0.22400  -0.0208  1.0000  0.0515  -1.1785   0.0000   0.1777
 -17.000  -0.3582   0.21261   0.20505  -0.0219  1.0000  0.0557  -1.0537   0.0000   0.1683
 -16.000  -0.3309   0.20163   0.19413  -0.0250  1.0000  0.0610  -1.0256   0.0000   0.1539
 -15.000  -0.3088   0.19319   0.18583  -0.0289  1.0000  0.0673  -1.0562   0.0000   0.1360
 -14.000  -0.3113   0.19503   0.18789  -0.0340  1.0000  0.0695  -1.1978   0.0000   0.1223
 -13.000  -0.2635   0.16991   0.16290  -0.0325  1.0000  0.0752  -1.0544   0.0000   0.1058
 -12.000  -0.2430   0.16003   0.15315  -0.0332  1.0000  0.0850  -1.0376   0.0000   0.0928
 -11.000  -0.2635   0.16264   0.15610  -0.0363  1.0000  0.0909  -1.2119   0.0000   0.0951
 -10.000  -0.2160   0.14046   0.13412  -0.0322  1.0000  0.1015  -1.0702   0.0000   0.0813
  -9.000  -0.2429   0.14088   0.13495  -0.0314  1.0000  0.1142  -1.2004   0.0000   0.1058
  -8.000  -0.2396   0.13147   0.12592  -0.0254  1.0000  0.1393  -1.1538   0.0000   0.1306
  -7.000  -0.2450   0.12142   0.11629  -0.0180  1.0000  0.1492  -1.1184   0.0000   0.1649
  -6.000  -0.2799   0.12035   0.11567  -0.0121  0.9972  0.1642  -1.1289   0.0000   0.1979
  -5.000  -0.1890   0.10756   0.10284  -0.0326  0.9518  0.1930  -0.9807   0.0000   0.0647
  -4.000  -0.1103   0.09492   0.09025  -0.0465  0.9024  0.2192  -0.9064   0.0000  -0.1916
  -3.000  -0.0302   0.08276   0.07810  -0.0630  0.8534  0.2426  -0.8863   0.0000  -1.9012
  -1.000   0.5599   0.03982   0.03291  -0.1817  0.7990  0.4758  -1.1753   0.0000   0.5762
   0.000   0.7342   0.03748   0.02982  -0.1942  0.7681  0.5298  -0.9190   0.0000   0.5141
   1.000   0.8975   0.03855   0.03031  -0.2081  0.7388  0.5674  -1.0300   0.0000   0.4798
   2.000   1.0073   0.04235   0.03400  -0.2126  0.7080  0.6123  -1.1334   0.0000   0.4575
   3.000   1.0566   0.05047   0.04232  -0.2098  0.6775  0.6699  -1.1934   0.0000   0.4436
   4.000   1.1985   0.04796   0.04027  -0.2099  0.6578  0.9270  -1.4044   0.0000   0.4187
   5.000   1.3013   0.05506   0.04703  -0.2146  0.6225  1.0000  -1.6142   0.0000   0.4070
   6.000   1.3107   0.06725   0.05934  -0.2067  0.5824  1.0000  -1.7034   0.0000   0.3983
   9.000   1.2967   0.10826   0.10125  -0.1899  0.4233  1.0000  -1.8930   0.0000   0.3823
  11.000   1.7816   0.06137   0.05506  -0.1702  0.3311  1.0000  -3.1622   0.0000   0.3262


