flow5 v7.54

 Calculated polar for: S1210 12%

 1 1 Reynolds number fixed          Mach number fixed         

 xtrf =   1.000 (top)        1.000 (bottom)
 Mach =   0.000     Re =     0.160 e 6     Ncrit =   9.000

  alpha     CL        CD       CDp       Cm    Top Xtr Bot Xtr   Cpmin    Chinge    XCp    
 ------- -------- --------- --------- -------- ------- ------- -------- --------- ---------
 -25.000  -0.5787   0.30407   0.29920   0.0222  1.0000  0.0185  -1.1828   0.0000   0.2649
 -24.000  -0.5535   0.29086   0.28598   0.0160  1.0000  0.0188  -1.1810   0.0000   0.2562
 -23.000  -0.5271   0.27814   0.27326   0.0099  1.0000  0.0191  -1.1817   0.0000   0.2468
 -22.000  -0.4997   0.26612   0.26124   0.0039  1.0000  0.0196  -1.1884   0.0000   0.2364
 -21.000  -0.4718   0.25511   0.25023  -0.0020  1.0000  0.0200  -1.2037   0.0000   0.2248
 -20.000  -0.4445   0.24522   0.24037  -0.0078  1.0000  0.0203  -1.2252   0.0000   0.2119
 -19.000  -0.4180   0.23621   0.23140  -0.0132  1.0000  0.0205  -1.2499   0.0000   0.1982
 -18.000  -0.3930   0.22727   0.22252  -0.0182  1.0000  0.0206  -1.2797   0.0000   0.1837
 -17.000  -0.3694   0.21714   0.21246  -0.0226  1.0000  0.0208  -1.3074   0.0000   0.1692
 -16.000  -0.3460   0.20626   0.20162  -0.0262  1.0000  0.0208  -1.3306   0.0000   0.1547
 -15.000  -0.3165   0.18685   0.18230  -0.0272  1.0000  0.0220  -1.2962   0.0000   0.1438
 -14.000  -0.2897   0.17515   0.17070  -0.0280  1.0000  0.0236  -1.1780   0.0000   0.1327
 -13.000  -0.2675   0.16469   0.16035  -0.0292  1.0000  0.0258  -1.1302   0.0000   0.1202
 -12.000  -0.2491   0.15454   0.15032  -0.0301  1.0000  0.0286  -1.1232   0.0000   0.1089
 -11.000  -0.2365   0.14531   0.14121  -0.0309  1.0000  0.0323  -1.1815   0.0000   0.0996
 -10.000  -0.2417   0.13982   0.13593  -0.0318  1.0000  0.0340  -1.3351   0.0000   0.1011
  -9.000  -0.2478   0.13233   0.12867  -0.0293  1.0000  0.0343  -1.4186   0.0000   0.1168
  -8.000  -0.1962   0.11525   0.11171  -0.0336  0.9933  0.0401  -1.2529   0.0000   0.0608
  -7.000  -0.1245   0.10269   0.09918  -0.0602  0.9666  0.0505  -1.4456   0.0000  -0.2608
  -6.000  -0.0525   0.08861   0.08519  -0.0776  0.9290  0.0696  -1.3347   0.0000  -1.2867
  -3.000   0.6070   0.01589   0.00917  -0.2245  0.8308  0.0417  -1.3599   0.0000   0.6234
  -2.000   0.8077   0.01484   0.00785  -0.2418  0.7425  0.3246  -0.9942   0.0000   0.5508
  -1.000   0.9166   0.01639   0.00890  -0.2397  0.6793  0.3828  -1.0747   0.0000   0.5114
   0.000   1.0405   0.01659   0.00865  -0.2425  0.6375  0.4061  -1.1688   0.0000   0.4813
   1.000   1.1615   0.01737   0.00913  -0.2445  0.6077  0.4331  -1.2680   0.0000   0.4574
   2.000   1.2807   0.01847   0.01024  -0.2462  0.5827  0.4815  -1.4054   0.0000   0.4377
   3.000   1.3915   0.01925   0.01135  -0.2460  0.5594  0.5705  -1.5978   0.0000   0.4207
   4.000   1.4950   0.02036   0.01298  -0.2440  0.5364  0.7530  -1.8391   0.0000   0.4057
   5.000   1.5873   0.02136   0.01411  -0.2397  0.5100  1.0000  -2.0964   0.0000   0.3919
   6.000   1.6860   0.02213   0.01486  -0.2368  0.4796  1.0000  -2.3877   0.0000   0.3797
   7.000   1.7773   0.02323   0.01633  -0.2327  0.4483  1.0000  -2.6772   0.0000   0.3683
   8.000   1.8578   0.02431   0.01751  -0.2264  0.4083  1.0000  -2.9609   0.0000   0.3574
   9.000   1.9103   0.02589   0.01943  -0.2151  0.3537  1.0000  -3.2117   0.0000   0.3463
  10.000   1.9133   0.03013   0.02349  -0.1965  0.2768  1.0000  -3.4008   0.0000   0.3345
  11.000   1.8987   0.03823   0.03143  -0.1798  0.2174  1.0000  -3.6867   0.0000   0.3245
  12.000   1.8902   0.04796   0.04137  -0.1686  0.1799  1.0000  -4.2417   0.0000   0.3169
  13.000   1.8715   0.06024   0.05392  -0.1619  0.1499  1.0000  -4.7608   0.0000   0.3119
  14.000   1.8591   0.07377   0.06775  -0.1586  0.1309  1.0000  -5.3149   0.0000   0.3084
  15.000   1.8547   0.08704   0.08148  -0.1574  0.1181  1.0000  -5.9383   0.0000   0.3055
  16.000   1.8499   0.10073   0.09572  -0.1585  0.1057  1.0000  -6.5395   0.0000   0.3037
  17.000   1.8309   0.11694   0.11226  -0.1631  0.0908  1.0000  -7.0138   0.0000   0.3044


