flow5 v7.54

 Calculated polar for: S1210 12%

 1 1 Reynolds number fixed          Mach number fixed         

 xtrf =   1.000 (top)        1.000 (bottom)
 Mach =   0.000     Re =     0.200 e 6     Ncrit =   9.000

  alpha     CL        CD       CDp       Cm    Top Xtr Bot Xtr   Cpmin    Chinge    XCp    
 ------- -------- --------- --------- -------- ------- ------- -------- --------- ---------
 -24.000  -0.5564   0.28950   0.28514   0.0167  1.0000  0.0130  -1.2419   0.0000   0.2573
 -23.000  -0.5303   0.27669   0.27233   0.0108  1.0000  0.0133  -1.2271   0.0000   0.2484
 -22.000  -0.5033   0.26428   0.25993   0.0051  1.0000  0.0137  -1.2102   0.0000   0.2388
 -21.000  -0.4757   0.25229   0.24793  -0.0003  1.0000  0.0142  -1.1924   0.0000   0.2285
 -20.000  -0.4476   0.24077   0.23644  -0.0053  1.0000  0.0148  -1.1752   0.0000   0.2175
 -19.000  -0.4191   0.22978   0.22549  -0.0101  1.0000  0.0157  -1.1596   0.0000   0.2056
 -18.000  -0.3908   0.21933   0.21508  -0.0144  1.0000  0.0167  -1.1481   0.0000   0.1928
 -17.000  -0.3634   0.20840   0.20421  -0.0184  1.0000  0.0180  -1.1480   0.0000   0.1791
 -16.000  -0.3369   0.19798   0.19382  -0.0224  1.0000  0.0196  -1.1839   0.0000   0.1633
 -15.000  -0.3153   0.18926   0.18517  -0.0265  1.0000  0.0204  -1.2542   0.0000   0.1458
 -14.000  -0.2968   0.17979   0.17580  -0.0295  1.0000  0.0206  -1.3067   0.0000   0.1307
 -13.000  -0.2786   0.16941   0.16551  -0.0314  1.0000  0.0208  -1.3414   0.0000   0.1177
 -12.000  -0.2627   0.15881   0.15503  -0.0324  1.0000  0.0209  -1.3800   0.0000   0.1073
 -11.000  -0.2421   0.14295   0.13929  -0.0301  1.0000  0.0231  -1.2912   0.0000   0.1064
 -10.000  -0.2308   0.13409   0.13059  -0.0280  1.0000  0.0254  -1.2225   0.0000   0.1104
  -9.000  -0.2316   0.12622   0.12293  -0.0249  1.0000  0.0285  -1.2303   0.0000   0.1266
  -8.000  -0.1593   0.11240   0.10912  -0.0489  0.9840  0.0341  -1.4067   0.0000  -0.0806
  -7.000  -0.0822   0.09432   0.09108  -0.0623  0.9683  0.0415  -1.2984   0.0000  -0.5511
  -6.000  -0.0171   0.07980   0.07664  -0.0794  0.9362  0.0555  -1.2689   0.0000  -4.5792
  -5.000   0.0716   0.06274   0.05957  -0.1047  0.8978  0.0728  -1.2226   0.0000   1.7509
  -3.000   0.6482   0.01423   0.00758  -0.2316  0.8038  0.0354  -1.3046   0.0000   0.6108
  -2.000   0.8227   0.01348   0.00640  -0.2445  0.7085  0.3042  -1.0062   0.0000   0.5486
  -1.000   0.9311   0.01463   0.00721  -0.2429  0.6496  0.3610  -1.0877   0.0000   0.5106
   0.000   1.0490   0.01528   0.00743  -0.2439  0.6116  0.3831  -1.1789   0.0000   0.4807
   1.000   1.1698   0.01590   0.00784  -0.2458  0.5824  0.4107  -1.2789   0.0000   0.4570
   2.000   1.2843   0.01651   0.00862  -0.2464  0.5608  0.4547  -1.4130   0.0000   0.4372
   3.000   1.3982   0.01748   0.00979  -0.2468  0.5373  0.5398  -1.6106   0.0000   0.4204
   4.000   1.5091   0.01842   0.01115  -0.2464  0.5147  0.7048  -1.8631   0.0000   0.4056
   5.000   1.5926   0.01875   0.01190  -0.2401  0.4908  1.0000  -2.1142   0.0000   0.3915
   6.000   1.6927   0.01984   0.01295  -0.2377  0.4621  1.0000  -2.4078   0.0000   0.3795
   7.000   1.7864   0.02098   0.01431  -0.2340  0.4322  1.0000  -2.7024   0.0000   0.3684
   8.000   1.8644   0.02205   0.01559  -0.2274  0.3926  1.0000  -2.9827   0.0000   0.3574
   9.000   1.9128   0.02393   0.01753  -0.2153  0.3335  1.0000  -3.2286   0.0000   0.3462
  10.000   1.9211   0.02879   0.02218  -0.1982  0.2515  1.0000  -3.4277   0.0000   0.3349
  11.000   1.9097   0.03681   0.03005  -0.1823  0.1918  1.0000  -3.7850   0.0000   0.3252
  12.000   1.9009   0.04672   0.04009  -0.1717  0.1516  1.0000  -4.3553   0.0000   0.3180
  13.000   1.8886   0.05901   0.05268  -0.1654  0.1310  1.0000  -4.9109   0.0000   0.3129
  14.000   1.8725   0.07331   0.06729  -0.1623  0.1164  1.0000  -5.4457   0.0000   0.3096
  15.000   1.8712   0.08663   0.08123  -0.1614  0.1056  1.0000  -6.0937   0.0000   0.3067
  16.000   1.8533   0.10273   0.09762  -0.1634  0.0914  1.0000  -6.5970   0.0000   0.3060
  17.000   1.8318   0.12023   0.11549  -0.1686  0.0726  1.0000  -7.0147   0.0000   0.3072
  18.000   1.7897   0.14096   0.13630  -0.1777  0.0341  1.0000  -7.1673   0.0000   0.3118


