flow5 v7.54

 Calculated polar for: S1210 12%

 1 1 Reynolds number fixed          Mach number fixed         

 xtrf =   1.000 (top)        1.000 (bottom)
 Mach =   0.000     Re =     0.130 e 6     Ncrit =   9.000

  alpha     CL        CD       CDp       Cm    Top Xtr Bot Xtr   Cpmin    Chinge    XCp    
 ------- -------- --------- --------- -------- ------- ------- -------- --------- ---------
 -23.000  -0.5283   0.28942   0.28401   0.0060  1.0000  0.0207  -1.3049   0.0000   0.2399
 -22.000  -0.5034   0.27824   0.27285  -0.0001  1.0000  0.0208  -1.3203   0.0000   0.2290
 -21.000  -0.4784   0.26762   0.26227  -0.0059  1.0000  0.0208  -1.3382   0.0000   0.2175
 -18.000  -0.3889   0.22001   0.21476  -0.0163  1.0000  0.0231  -1.1740   0.0000   0.1876
 -17.000  -0.3610   0.20905   0.20387  -0.0198  1.0000  0.0246  -1.1199   0.0000   0.1748
 -16.000  -0.3344   0.19814   0.19300  -0.0230  1.0000  0.0266  -1.0912   0.0000   0.1607
 -15.000  -0.3093   0.18727   0.18222  -0.0259  1.0000  0.0290  -1.0820   0.0000   0.1456
 -14.000  -0.2865   0.17700   0.17205  -0.0288  1.0000  0.0321  -1.1126   0.0000   0.1288
 -13.000  -0.2763   0.17114   0.16634  -0.0328  1.0000  0.0338  -1.2385   0.0000   0.1116
 -12.000  -0.2666   0.16318   0.15853  -0.0347  1.0000  0.0342  -1.3185   0.0000   0.1009
 -11.000  -0.2379   0.14505   0.14052  -0.0322  1.0000  0.0369  -1.2136   0.0000   0.0949
 -10.000  -0.2235   0.13574   0.13140  -0.0300  1.0000  0.0411  -1.1437   0.0000   0.0969
  -9.000  -0.2240   0.12794   0.12384  -0.0276  1.0000  0.0467  -1.1845   0.0000   0.1100
  -8.000  -0.2469   0.12520   0.12140  -0.0296  0.9972  0.0503  -1.3976   0.0000   0.1169
  -7.000  -0.1523   0.10525   0.10147  -0.0439  0.9796  0.0624  -1.2307   0.0000  -0.0597
  -6.000  -0.0786   0.09225   0.08855  -0.0624  0.9439  0.0871  -1.1444   0.0000  -0.5808
  -5.000   0.0028   0.07741   0.07372  -0.0775  0.9032  0.1015  -0.9955   0.0000  28.9741
  -4.000   0.1419   0.05946   0.05569  -0.1197  0.8588  0.1429  -1.0173   0.0000   1.1085
  -3.000   0.5645   0.01857   0.01161  -0.2173  0.8493  0.0481  -1.3966   0.0000   0.6388
  -2.000   0.7793   0.01698   0.01003  -0.2363  0.7752  0.3483  -1.0071   0.0000   0.5548
  -1.000   0.8984   0.01798   0.01057  -0.2362  0.7098  0.4043  -1.0590   0.0000   0.5129
   0.000   1.0282   0.01847   0.01032  -0.2401  0.6646  0.4285  -1.1559   0.0000   0.4820
   1.000   1.1503   0.01903   0.01072  -0.2428  0.6329  0.4595  -1.2548   0.0000   0.4580
   2.000   1.2674   0.02023   0.01200  -0.2442  0.6071  0.5098  -1.3896   0.0000   0.4383
   3.000   1.3835   0.02170   0.01359  -0.2452  0.5826  0.6033  -1.5822   0.0000   0.4214
   4.000   1.4761   0.02236   0.01486  -0.2407  0.5573  0.8078  -1.8092   0.0000   0.4057
   5.000   1.5696   0.02390   0.01662  -0.2373  0.5317  1.0000  -2.0588   0.0000   0.3922
   6.000   1.6708   0.02525   0.01792  -0.2350  0.4998  1.0000  -2.3505   0.0000   0.3800
   7.000   1.7644   0.02629   0.01921  -0.2311  0.4643  1.0000  -2.6432   0.0000   0.3685
   8.000   1.8464   0.02728   0.02044  -0.2249  0.4247  1.0000  -2.9267   0.0000   0.3575
   9.000   1.9049   0.02836   0.02156  -0.2144  0.3711  1.0000  -3.1889   0.0000   0.3463
  10.000   1.9090   0.03182   0.02521  -0.1957  0.3003  1.0000  -3.3778   0.0000   0.3344
  11.000   1.8937   0.03953   0.03275  -0.1784  0.2371  1.0000  -3.6196   0.0000   0.3241
  12.000   1.8898   0.04890   0.04228  -0.1668  0.1991  1.0000  -4.1863   0.0000   0.3161
  13.000   1.8828   0.05940   0.05306  -0.1585  0.1720  1.0000  -4.7627   0.0000   0.3098
  14.000   1.8630   0.07263   0.06662  -0.1544  0.1479  1.0000  -5.2810   0.0000   0.3061
  15.000   1.8547   0.08577   0.08022  -0.1529  0.1305  1.0000  -5.8812   0.0000   0.3032


