flow5 v7.54

 Calculated polar for: S1210 12%

 1 1 Reynolds number fixed          Mach number fixed         

 xtrf =   1.000 (top)        1.000 (bottom)
 Mach =   0.000     Re =     0.030 e 6     Ncrit =   9.000

  alpha     CL        CD       CDp       Cm    Top Xtr Bot Xtr   Cpmin    Chinge    XCp    
 ------- -------- --------- --------- -------- ------- ------- -------- --------- ---------
 -24.000  -0.5458   0.30000   0.28895   0.0122  1.0000  0.0844  -1.0527   0.0000   0.2503
 -23.000  -0.5223   0.29121   0.28018   0.0054  1.0000  0.0890  -1.0715   0.0000   0.2391
 -22.000  -0.5067   0.29453   0.28361  -0.0023  1.0000  0.0910  -1.1352   0.0000   0.2256
 -21.000  -0.4710   0.26498   0.25402  -0.0054  1.0000  0.0948  -1.0693   0.0000   0.2181
 -20.000  -0.4406   0.25048   0.23956  -0.0093  1.0000  0.1024  -1.0260   0.0000   0.2084
 -19.000  -0.4145   0.24210   0.23127  -0.0145  1.0000  0.1114  -1.0295   0.0000   0.1949
 -18.000  -0.4087   0.25091   0.24031  -0.0211  1.0000  0.1151  -1.1197   0.0000   0.1801
 -17.000  -0.3592   0.21834   0.20773  -0.0220  1.0000  0.1243  -1.0089   0.0000   0.1684
 -16.000  -0.3356   0.21012   0.19967  -0.0256  1.0000  0.1372  -1.0129   0.0000   0.1537
 -15.000  -0.3244   0.20561   0.19545  -0.0296  1.0000  0.1429  -1.0702   0.0000   0.1397
 -14.000  -0.2864   0.18815   0.17811  -0.0299  1.0000  0.1634  -1.0039   0.0000   0.1250
 -13.000  -0.2622   0.17634   0.16658  -0.0307  1.0000  0.1820  -0.9954   0.0000   0.1117
 -12.000  -0.2825   0.18468   0.17533  -0.0321  1.0000  0.1988  -1.0990   0.0000   0.1188
 -11.000  -0.2251   0.15726   0.14801  -0.0307  1.0000  0.2212  -1.0060   0.0000   0.0926
 -10.000  -0.2316   0.15345   0.14467  -0.0300  1.0000  0.2351  -1.0607   0.0000   0.1023
  -9.000  -0.2105   0.14234   0.13390  -0.0265  1.0000  0.2615  -1.0083   0.0000   0.1056
  -8.000  -0.2060   0.13247   0.12451  -0.0225  1.0000  0.2763  -0.9762   0.0000   0.1239
  -7.000  -0.2335   0.13174   0.12437  -0.0149  1.0000  0.3008  -0.9741   0.0000   0.1736
  -6.000  -0.2463   0.12274   0.11592  -0.0075  1.0000  0.3140  -0.9328   0.0000   0.2088
  -5.000  -0.2869   0.12126   0.11498   0.0022  1.0000  0.3360  -0.9542   0.0000   0.2497
  -4.000  -0.3486   0.12116   0.11543   0.0097  1.0000  0.3488  -1.0247   0.0000   0.2720
  -3.000  -0.3504   0.11246   0.10690   0.0153  1.0000  0.3708  -1.0138   0.0000   0.2882
  -2.000  -0.3638   0.10701   0.10175   0.0131  1.0000  0.3928  -1.0552   0.0000   0.2812
  -1.000  -0.3416   0.09755   0.09242   0.0108  1.0000  0.4083  -1.0552   0.0000   0.2771
   0.000   0.1629   0.06384   0.05637  -0.1368  1.0000  0.2123  -1.4511   0.0000   1.0949
   2.000   0.2567   0.06967   0.06197  -0.1136  1.0000  0.6977  -1.2243   0.0000   0.6914
   3.000   0.3806   0.07677   0.06833  -0.1299  1.0000  0.7561  -0.7224   0.0000   0.5875
   4.000   0.4928   0.08592   0.07702  -0.1445  1.0000  0.8299  -0.6666   0.0000   0.5376
   5.000   0.5759   0.09489   0.08600  -0.1563  1.0000  1.0000  -0.7221   0.0000   0.5144
   6.000   0.7371   0.11305   0.10342  -0.1881  0.9602  1.0000  -0.8442   0.0000   0.4968
   8.000   0.9062   0.14128   0.13139  -0.2066  0.8247  1.0000  -1.0585   0.0000   0.4669
   9.000   0.9770   0.15794   0.14816  -0.2121  0.7567  1.0000  -1.1510   0.0000   0.4546
  10.000   1.0131   0.16888   0.15931  -0.2130  0.6846  1.0000  -1.2059   0.0000   0.4463
  11.000   1.0802   0.18901   0.17991  -0.2170  0.6190  1.0000  -1.2828   0.0000   0.4356
  12.000   1.0877   0.19522   0.18633  -0.2182  0.5666  1.0000  -1.2540   0.0000   0.4336
  13.000   1.1361   0.21255   0.20392  -0.2214  0.5173  1.0000  -1.3116   0.0000   0.4262
  14.000   1.1563   0.22611   0.21770  -0.2255  0.4853  1.0000  -1.3041   0.0000   0.4245
  15.000   1.1805   0.24174   0.23358  -0.2296  0.4529  1.0000  -1.3332   0.0000   0.4221
  16.000   1.2116   0.26364   0.25611  -0.2341  0.4345  1.0000  -1.3848   0.0000   0.4188
  17.000   1.2545   0.29094   0.28383  -0.2370  0.4029  1.0000  -1.4912   0.0000   0.4125
  18.000   1.2531   0.29950   0.29273  -0.2412  0.3748  1.0000  -1.5111   0.0000   0.4138
  19.000   1.2555   0.31731   0.31089  -0.2445  0.3449  1.0000  -1.5920   0.0000   0.4139
  20.000   1.2442   0.33760   0.33156  -0.2461  0.3221  1.0000  -1.6734   0.0000   0.4147


