flow5 v7.54

 Calculated polar for: S1210 12%

 1 1 Reynolds number fixed          Mach number fixed         

 xtrf =   1.000 (top)        1.000 (bottom)
 Mach =   0.000     Re =     0.300 e 6     Ncrit =   9.000

  alpha     CL        CD       CDp       Cm    Top Xtr Bot Xtr   Cpmin    Chinge    XCp    
 ------- -------- --------- --------- -------- ------- ------- -------- --------- ---------
 -21.000  -0.4768   0.25737   0.25382  -0.0015  1.0000  0.0104  -1.3526   0.0000   0.2260
 -20.000  -0.4493   0.24571   0.24215  -0.0067  1.0000  0.0104  -1.3569   0.0000   0.2147
 -19.000  -0.4216   0.23461   0.23108  -0.0115  1.0000  0.0105  -1.3622   0.0000   0.2026
 -18.000  -0.3945   0.22373   0.22024  -0.0158  1.0000  0.0105  -1.3713   0.0000   0.1899
 -16.000  -0.3471   0.19676   0.19337  -0.0228  1.0000  0.0109  -1.5243   0.0000   0.1642
 -15.000  -0.3208   0.18381   0.18047  -0.0241  1.0000  0.0116  -1.4197   0.0000   0.1547
 -14.000  -0.2968   0.17319   0.16993  -0.0256  1.0000  0.0124  -1.3265   0.0000   0.1436
 -13.000  -0.2757   0.16283   0.15965  -0.0268  1.0000  0.0134  -1.2728   0.0000   0.1327
 -12.000  -0.2579   0.15271   0.14964  -0.0274  1.0000  0.0147  -1.2488   0.0000   0.1239
 -11.000  -0.2443   0.14288   0.13989  -0.0272  1.0000  0.0165  -1.2523   0.0000   0.1196
 -10.000  -0.2350   0.13357   0.13071  -0.0274  0.9996  0.0194  -1.3241   0.0000   0.1156
  -9.000  -0.1671   0.11913   0.11628  -0.0460  0.9899  0.0207  -1.4006   0.0000  -0.0503
  -7.000  -0.0350   0.08652   0.08373  -0.0760  0.9580  0.0315  -1.3993   0.0000  -2.0251
  -5.000   0.1115   0.05135   0.04860  -0.1224  0.8817  0.0526  -1.4937   0.0000   1.3736
  -3.000   0.6888   0.01222   0.00568  -0.2395  0.7367  0.0289  -1.2643   0.0000   0.6009
  -2.000   0.8381   0.01137   0.00444  -0.2476  0.6535  0.2616  -1.0198   0.0000   0.5467
  -1.000   0.9481   0.01222   0.00492  -0.2465  0.6042  0.3029  -1.1036   0.0000   0.5096
   0.000   1.0599   0.01303   0.00561  -0.2460  0.5716  0.3481  -1.1925   0.0000   0.4802
   1.000   1.1774   0.01364   0.00606  -0.2470  0.5447  0.3745  -1.2910   0.0000   0.4565
   2.000   1.2918   0.01412   0.00668  -0.2474  0.5257  0.4148  -1.4248   0.0000   0.4368
   3.000   1.4051   0.01486   0.00756  -0.2476  0.5031  0.4903  -1.6253   0.0000   0.4200
   4.000   1.5157   0.01554   0.00860  -0.2473  0.4813  0.6264  -1.8794   0.0000   0.4054
   5.000   1.6030   0.01570   0.00936  -0.2416  0.4584  1.0000  -2.1424   0.0000   0.3914
   6.000   1.7053   0.01681   0.01040  -0.2398  0.4344  1.0000  -2.4402   0.0000   0.3796
   7.000   1.7966   0.01788   0.01160  -0.2357  0.4026  1.0000  -2.7336   0.0000   0.3684
   8.000   1.8775   0.01904   0.01295  -0.2297  0.3623  1.0000  -3.0195   0.0000   0.3578
   9.000   1.9210   0.02181   0.01546  -0.2172  0.2815  1.0000  -3.2594   0.0000   0.3466
  10.000   1.9264   0.02793   0.02105  -0.2005  0.1843  1.0000  -3.4585   0.0000   0.3358
  11.000   1.9386   0.03449   0.02758  -0.1876  0.1417  1.0000  -3.9992   0.0000   0.3265
  12.000   1.9447   0.04299   0.03628  -0.1775  0.1181  1.0000  -4.6685   0.0000   0.3188
  13.000   1.9474   0.05349   0.04716  -0.1709  0.1033  1.0000  -5.3354   0.0000   0.3131
  14.000   1.9315   0.06770   0.06180  -0.1673  0.0913  1.0000  -5.8963   0.0000   0.3095
  15.000   1.9085   0.08437   0.07870  -0.1669  0.0690  1.0000  -6.3630   0.0000   0.3078
  16.000   1.8583   0.10593   0.10031  -0.1699  0.0357  1.0000  -6.5784   0.0000   0.3091
  17.000   1.7853   0.13138   0.12582  -0.1777  0.0058  1.0000  -6.5663   0.0000   0.3147
  18.000   1.7584   0.15009   0.14505  -0.1856  0.0038  1.0000  -6.7990   0.0000   0.3181


