flow5 v7.54

 Calculated polar for: S1210 12%

 1 1 Reynolds number fixed          Mach number fixed         

 xtrf =   1.000 (top)        1.000 (bottom)
 Mach =   0.000     Re =     1.000 e 6     Ncrit =   9.000

  alpha     CL        CD       CDp       Cm    Top Xtr Bot Xtr   Cpmin    Chinge    XCp    
 ------- -------- --------- --------- -------- ------- ------- -------- --------- ---------
 -21.000  -0.4891   0.25077   0.24883   0.0043  1.0000  0.0068  -1.2821   0.0000   0.2386
 -20.000  -0.4613   0.23935   0.23743  -0.0006  1.0000  0.0074  -1.2656   0.0000   0.2288
 -19.000  -0.4329   0.22858   0.22667  -0.0052  1.0000  0.0083  -1.2495   0.0000   0.2184
 -18.000  -0.4041   0.21869   0.21681  -0.0093  1.0000  0.0091  -1.2369   0.0000   0.2076
 -17.000  -0.3767   0.20813   0.20627  -0.0129  1.0000  0.0096  -1.2323   0.0000   0.1966
 -16.000  -0.3508   0.19725   0.19540  -0.0160  1.0000  0.0098  -1.2337   0.0000   0.1852
 -15.000  -0.3269   0.18635   0.18454  -0.0185  1.0000  0.0099  -1.2414   0.0000   0.1742
 -14.000  -0.3046   0.17544   0.17367  -0.0206  1.0000  0.0100  -1.2558   0.0000   0.1634
 -13.000  -0.2440   0.15965   0.15786  -0.0349  0.9963  0.0101  -1.2622   0.0000   0.0834
 -12.000  -0.1919   0.14495   0.14315  -0.0465  0.9936  0.0101  -1.2850   0.0000  -0.0217
 -11.000  -0.1397   0.12991   0.12811  -0.0578  0.9892  0.0101  -1.3181   0.0000  -0.2026
 -10.000  -0.0903   0.11515   0.11336  -0.0683  0.9843  0.0101  -1.3753   0.0000  -0.5638
  -9.000  -0.0445   0.09723   0.09545  -0.0815  0.9794  0.0081  -1.6850   0.0000  -1.6948
  -5.000   0.4046   0.01726   0.01336  -0.2237  0.7321  0.0250  -2.0373   0.0000   0.8122
  -4.000   0.5200   0.01725   0.01273  -0.2251  0.6433  0.0343  -1.4021   0.0000   0.6883
  -2.000   0.8519   0.00913   0.00277  -0.2498  0.5412  0.0168  -1.0371   0.0000   0.5444
  -1.000   0.9842   0.00876   0.00264  -0.2543  0.5089  0.2314  -1.1361   0.0000   0.5079
   0.000   1.0982   0.00911   0.00294  -0.2543  0.4855  0.2647  -1.2266   0.0000   0.4796
   1.000   1.2116   0.00944   0.00332  -0.2542  0.4675  0.3024  -1.3259   0.0000   0.4564
   2.000   1.3238   0.00991   0.00377  -0.2540  0.4458  0.3360  -1.4568   0.0000   0.4370
   3.000   1.4363   0.01024   0.00421  -0.2539  0.4308  0.3839  -1.6691   0.0000   0.4204
   4.000   1.5451   0.01087   0.00493  -0.2532  0.4047  0.4639  -1.9314   0.0000   0.4060
   5.000   1.6570   0.01120   0.00555  -0.2533  0.3902  0.5819  -2.2367   0.0000   0.3933
   6.000   1.7517   0.01309   0.00698  -0.2504  0.2736  0.7589  -2.5298   0.0000   0.3817
   7.000   1.8398   0.01420   0.00831  -0.2457  0.2380  1.0000  -2.8221   0.0000   0.3706
   8.000   1.9082   0.01715   0.01072  -0.2378  0.1545  1.0000  -3.0925   0.0000   0.3599
   9.000   1.9645   0.02006   0.01339  -0.2277  0.1070  1.0000  -3.3638   0.0000   0.3494
  10.000   2.0107   0.02350   0.01669  -0.2165  0.0759  1.0000  -3.8450   0.0000   0.3393
  11.000   2.0126   0.03022   0.02311  -0.2001  0.0274  1.0000  -4.4869   0.0000   0.3291
  12.000   1.9823   0.04157   0.03461  -0.1846  0.0010  1.0000  -4.8725   0.0000   0.3206
  13.000   1.9901   0.05169   0.04512  -0.1779  0.0008  1.0000  -5.5115   0.0000   0.3146
  14.000   1.9813   0.06524   0.05914  -0.1741  0.0008  1.0000  -6.0985   0.0000   0.3106
  15.000   1.9587   0.08220   0.07659  -0.1730  0.0009  1.0000  -6.5868   0.0000   0.3085


