flow5 v7.54

 Calculated polar for: S1210 12%

 1 1 Reynolds number fixed          Mach number fixed         

 xtrf =   1.000 (top)        1.000 (bottom)
 Mach =   0.000     Re =     0.080 e 6     Ncrit =   9.000

  alpha     CL        CD       CDp       Cm    Top Xtr Bot Xtr   Cpmin    Chinge    XCp    
 ------- -------- --------- --------- -------- ------- ------- -------- --------- ---------
 -24.000  -0.5485   0.29415   0.28727   0.0136  1.0000  0.0325  -1.1363   0.0000   0.2523
 -23.000  -0.5229   0.28394   0.27707   0.0068  1.0000  0.0333  -1.1592   0.0000   0.2412
 -22.000  -0.4986   0.27611   0.26927  -0.0001  1.0000  0.0338  -1.1933   0.0000   0.2288
 -21.000  -0.4759   0.26953   0.26274  -0.0066  1.0000  0.0341  -1.2324   0.0000   0.2159
 -20.000  -0.4546   0.26366   0.25689  -0.0128  1.0000  0.0343  -1.2785   0.0000   0.2025
 -19.000  -0.4165   0.23482   0.22810  -0.0145  1.0000  0.0358  -1.1739   0.0000   0.1949
 -18.000  -0.3860   0.22184   0.21518  -0.0174  1.0000  0.0382  -1.0887   0.0000   0.1845
 -17.000  -0.3580   0.21094   0.20436  -0.0209  1.0000  0.0413  -1.0535   0.0000   0.1710
 -16.000  -0.3316   0.20025   0.19372  -0.0244  1.0000  0.0452  -1.0460   0.0000   0.1557
 -15.000  -0.3109   0.19276   0.18636  -0.0289  1.0000  0.0493  -1.1069   0.0000   0.1366
 -14.000  -0.3082   0.19112   0.18490  -0.0337  1.0000  0.0505  -1.2383   0.0000   0.1219
 -13.000  -0.2667   0.16834   0.16226  -0.0325  1.0000  0.0538  -1.1130   0.0000   0.1074
 -12.000  -0.2435   0.15759   0.15166  -0.0325  1.0000  0.0599  -1.0556   0.0000   0.0959
 -11.000  -0.2352   0.15047   0.14472  -0.0340  1.0000  0.0677  -1.1213   0.0000   0.0860
 -10.000  -0.2582   0.15037   0.14495  -0.0357  1.0000  0.0696  -1.3108   0.0000   0.0959
  -9.000  -0.2151   0.12998   0.12476  -0.0293  1.0000  0.0802  -1.1189   0.0000   0.0964
  -8.000  -0.2512   0.12916   0.12435  -0.0261  1.0000  0.0899  -1.2609   0.0000   0.1333
  -7.000  -0.2527   0.11928   0.11485  -0.0173  1.0000  0.1035  -1.1761   0.0000   0.1705
  -6.000  -0.1741   0.10667   0.10233  -0.0360  0.9710  0.1294  -1.0752   0.0000   0.0275
  -5.000  -0.0985   0.09401   0.08968  -0.0528  0.9240  0.1521  -0.9487   0.0000  -0.3121
  -4.000  -0.0033   0.08049   0.07616  -0.0699  0.8773  0.1831  -0.8795   0.0000  -21.7871
  -2.000   0.6340   0.02593   0.01915  -0.2121  0.8273  0.3627  -1.3196   0.0000   0.5868
  -1.000   0.7732   0.02593   0.01874  -0.2124  0.7843  0.4608  -0.9672   0.0000   0.5252
   0.000   0.9399   0.02486   0.01690  -0.2247  0.7381  0.4960  -1.0819   0.0000   0.4879
   1.000   1.0848   0.02550   0.01711  -0.2332  0.7031  0.5289  -1.1910   0.0000   0.4623
   2.000   1.2000   0.02731   0.01904  -0.2350  0.6726  0.5847  -1.3179   0.0000   0.4418
   3.000   1.3074   0.02965   0.02154  -0.2352  0.6465  0.6783  -1.4728   0.0000   0.4244
   4.000   1.3963   0.03111   0.02331  -0.2305  0.6198  1.0000  -1.6828   0.0000   0.4081
   5.000   1.5019   0.03422   0.02648  -0.2308  0.5885  1.0000  -1.9231   0.0000   0.3951
   6.000   1.5940   0.03700   0.02936  -0.2272  0.5536  1.0000  -2.1894   0.0000   0.3824
   7.000   1.7020   0.03794   0.03024  -0.2247  0.5130  1.0000  -2.4976   0.0000   0.3701
   8.000   1.7744   0.03942   0.03233  -0.2166  0.4660  1.0000  -2.7577   0.0000   0.3583
   9.000   1.8547   0.03920   0.03228  -0.2088  0.4117  1.0000  -3.0418   0.0000   0.3468
  10.000   1.8789   0.04094   0.03434  -0.1929  0.3490  1.0000  -3.2630   0.0000   0.3349
  11.000   1.8743   0.04609   0.03943  -0.1756  0.2881  1.0000  -3.4165   0.0000   0.3239
  12.000   1.8950   0.05415   0.04731  -0.1652  0.2406  1.0000  -4.0614   0.0000   0.3153
  13.000   1.9098   0.06431   0.05789  -0.1568  0.2117  1.0000  -4.7202   0.0000   0.3081
  14.000   1.8708   0.07868   0.07315  -0.1489  0.1949  1.0000  -5.0697   0.0000   0.3034


