flow5 v7.54

 Calculated polar for: S1210 12%

 1 1 Reynolds number fixed          Mach number fixed         

 xtrf =   1.000 (top)        1.000 (bottom)
 Mach =   0.000     Re =     0.500 e 6     Ncrit =   9.000

  alpha     CL        CD       CDp       Cm    Top Xtr Bot Xtr   Cpmin    Chinge    XCp    
 ------- -------- --------- --------- -------- ------- ------- -------- --------- ---------
 -16.000  -0.3437   0.19850   0.19587  -0.0196  1.0000  0.0103  -1.2895   0.0000   0.1730
 -15.000  -0.3202   0.18719   0.18461  -0.0223  1.0000  0.0103  -1.3090   0.0000   0.1605
 -14.000  -0.2986   0.17594   0.17341  -0.0244  1.0000  0.0103  -1.3324   0.0000   0.1486
 -13.000  -0.2793   0.16485   0.16238  -0.0258  1.0000  0.0104  -1.3621   0.0000   0.1380
 -12.000  -0.2634   0.15414   0.15176  -0.0264  1.0000  0.0104  -1.3988   0.0000   0.1306
 -11.000  -0.2223   0.14036   0.13799  -0.0347  0.9970  0.0104  -1.4330   0.0000   0.0720
 -10.000  -0.1642   0.12455   0.12218  -0.0480  0.9908  0.0105  -1.4740   0.0000  -0.0715
  -9.000  -0.1172   0.10489   0.10255  -0.0628  0.9825  0.0111  -1.8112   0.0000  -0.3259
  -5.000   0.2701   0.02668   0.02370  -0.1874  0.8616  0.0385  -1.8926   0.0000   0.9561
  -3.000   0.6951   0.01125   0.00496  -0.2403  0.6595  0.0223  -1.2630   0.0000   0.5988
  -2.000   0.8328   0.01058   0.00349  -0.2455  0.5980  0.0226  -1.0222   0.0000   0.5461
  -1.000   0.9615   0.01044   0.00363  -0.2493  0.5578  0.2687  -1.1177   0.0000   0.5088
   0.000   1.0746   0.01095   0.00414  -0.2491  0.5313  0.3166  -1.2074   0.0000   0.4799
   1.000   1.1884   0.01152   0.00460  -0.2492  0.5075  0.3387  -1.3045   0.0000   0.4563
   2.000   1.3016   0.01192   0.00507  -0.2492  0.4875  0.3754  -1.4371   0.0000   0.4366
   3.000   1.4144   0.01253   0.00578  -0.2493  0.4694  0.4367  -1.6406   0.0000   0.4199
   4.000   1.5232   0.01308   0.00659  -0.2486  0.4454  0.5493  -1.8951   0.0000   0.4054
   5.000   1.6333   0.01354   0.00749  -0.2482  0.4269  0.7250  -2.1950   0.0000   0.3925
   6.000   1.7219   0.01412   0.00831  -0.2432  0.4014  1.0000  -2.4763   0.0000   0.3801
   7.000   1.8170   0.01513   0.00942  -0.2399  0.3686  1.0000  -2.7771   0.0000   0.3692
   8.000   1.8910   0.01706   0.01105  -0.2328  0.2906  1.0000  -3.0548   0.0000   0.3585
   9.000   1.9257   0.02157   0.01483  -0.2195  0.1792  1.0000  -3.2821   0.0000   0.3475
  10.000   1.9628   0.02588   0.01897  -0.2075  0.1289  1.0000  -3.5556   0.0000   0.3374
  11.000   1.9917   0.03094   0.02406  -0.1958  0.1017  1.0000  -4.3397   0.0000   0.3280
  12.000   2.0079   0.03785   0.03108  -0.1850  0.0811  1.0000  -5.0845   0.0000   0.3197
  13.000   1.9782   0.05128   0.04442  -0.1752  0.0415  1.0000  -5.5195   0.0000   0.3138
  14.000   1.8946   0.07496   0.06830  -0.1712  0.0051  1.0000  -5.6205   0.0000   0.3131
  15.000   1.8694   0.09293   0.08675  -0.1717  0.0022  1.0000  -6.0075   0.0000   0.3121
  16.000   1.8468   0.11086   0.10521  -0.1745  0.0019  1.0000  -6.4092   0.0000   0.3121


