flow5 v7.54

 Calculated polar for: NACA 0012

 1 1 Reynolds number fixed          Mach number fixed         

 xtrf =   1.000 (top)        1.000 (bottom)
 Mach =   0.000     Re =     3.000 e 6     Ncrit =   9.000

  alpha     CL        CD        Cm
 ------- -------- --------- ---------
 -24.000  -0.9181   0.43958    0.2425
 -23.000  -0.9117   0.38882    0.2249
 -22.000  -0.9255   0.32942    0.2029
 -21.000  -1.0218   0.24760    0.1731
 -20.000  -1.1859   0.14848    0.1356
 -19.000  -1.3469   0.08581    0.0906
 -18.000  -1.4609   0.05128    0.0473
 -17.000  -1.5202   0.03432    0.0173
 -16.000  -1.5342   0.02564    0.0018
 -15.000  -1.5096   0.02083   -0.0040
 -14.000  -1.4541   0.01780   -0.0054
 -13.000  -1.3792   0.01566   -0.0050
 -12.000  -1.2944   0.01399   -0.0035
 -11.000  -1.2021   0.01259   -0.0019
 -10.000  -1.1019   0.01135   -0.0011
  -9.000  -0.9949   0.01023   -0.0015
  -8.000  -0.8836   0.00922   -0.0025
  -7.000  -0.7704   0.00832   -0.0034
  -6.000  -0.6583   0.00755   -0.0035
  -5.000  -0.5499   0.00690   -0.0024
  -4.000  -0.4435   0.00626   -0.0009
  -3.000  -0.3342   0.00572   -0.0001
  -2.000  -0.2226   0.00538    0.0002
  -1.000  -0.1106   0.00520    0.0003
   0.000  -0.0000   0.00517    0.0000
   1.000   0.1106   0.00520   -0.0003
   2.000   0.2226   0.00538   -0.0002
   3.000   0.3342   0.00572    0.0001
   4.000   0.4435   0.00626    0.0009
   5.000   0.5499   0.00690    0.0024
   6.000   0.6583   0.00755    0.0035
   7.000   0.7704   0.00832    0.0034
   8.000   0.8836   0.00922    0.0025
   9.000   0.9949   0.01023    0.0015
  10.000   1.1019   0.01135    0.0011
  11.000   1.2021   0.01259    0.0019
  12.000   1.2944   0.01399    0.0035
  13.000   1.3792   0.01566    0.0050
  14.000   1.4541   0.01780    0.0054
  15.000   1.5096   0.02083    0.0040
  16.000   1.5342   0.02564   -0.0018
  17.000   1.5202   0.03432   -0.0173
  18.000   1.4609   0.05128   -0.0473
  19.000   1.3469   0.08581   -0.0906
  20.000   1.1859   0.14848   -0.1356
  21.000   1.0218   0.24760   -0.1731
  22.000   0.9255   0.32942   -0.2029
  23.000   0.9117   0.38882   -0.2249
  24.000   0.9181   0.43958   -0.2425
  25.000   0.9340   0.48338   -0.2567
  26.000   0.9532   0.52349   -0.2685
  27.000   0.9728   0.56179   -0.2789
  28.000   0.9920   0.59917   -0.2885
